{
  "nbformat": 4,
  "nbformat_minor": 0,
  "metadata": {
    "colab": {
      "provenance": [],
      "gpuType": "T4"
    },
    "kernelspec": {
      "name": "python3",
      "display_name": "Python 3"
    },
    "language_info": {
      "name": "python"
    },
    "accelerator": "GPU"
  },
  "cells": [
    {
      "cell_type": "code",
      "execution_count": 1,
      "metadata": {
        "id": "D2GIEinjfMof",
        "colab": {
          "base_uri": "https://localhost:8080/"
        },
        "outputId": "c1957f4f-f87e-4d2d-ab8e-318028223781"
      },
      "outputs": [
        {
          "output_type": "stream",
          "name": "stdout",
          "text": [
            "Collecting git+https://github.com/afnan47/cuda.git\n",
            "  Cloning https://github.com/afnan47/cuda.git to /tmp/pip-req-build-558m61xw\n",
            "  Running command git clone --filter=blob:none --quiet https://github.com/afnan47/cuda.git /tmp/pip-req-build-558m61xw\n",
            "  Resolved https://github.com/afnan47/cuda.git to commit aac710a35f52bb78ab34d2e52517237941399eff\n",
            "  Preparing metadata (setup.py) ... \u001b[?25l\u001b[?25hdone\n",
            "Building wheels for collected packages: NVCCPlugin\n",
            "  Building wheel for NVCCPlugin (setup.py) ... \u001b[?25l\u001b[?25hdone\n",
            "  Created wheel for NVCCPlugin: filename=NVCCPlugin-0.0.2-py3-none-any.whl size=4289 sha256=26324170f8d8be86fc543c08eef3c566793cdeb1f0ec99db87c0cab2f1f09226\n",
            "  Stored in directory: /tmp/pip-ephem-wheel-cache-u0t50008/wheels/aa/f3/44/e10c1d226ec561d971fcd4b0463f6bff08602afa928a3e7bc7\n",
            "Successfully built NVCCPlugin\n",
            "Installing collected packages: NVCCPlugin\n",
            "Successfully installed NVCCPlugin-0.0.2\n"
          ]
        }
      ],
      "source": [
        "!pip install git+https://github.com/afnan47/cuda.git"
      ]
    },
    {
      "cell_type": "code",
      "source": [
        "%load_ext nvcc_plugin"
      ],
      "metadata": {
        "colab": {
          "base_uri": "https://localhost:8080/"
        },
        "id": "x8dxUJw5uwND",
        "outputId": "c61c0933-cc75-4ec3-89ec-e1c100c8ff22"
      },
      "execution_count": 2,
      "outputs": [
        {
          "output_type": "stream",
          "name": "stdout",
          "text": [
            "created output directory at /content/src\n",
            "Out bin /content/result.out\n"
          ]
        }
      ]
    },
    {
      "cell_type": "code",
      "source": [
        "%%cu\n",
        "\n",
        "#include <stdio.h>\n",
        "#include <cuda.h>\n",
        "#include <math.h>\n",
        "#include <cuda_runtime.h>\n",
        "#include <bits/stdc++.h>\n",
        "\n",
        "using namespace std;\n",
        "\n",
        "__global__ void add_parallel(int* A, int* B, int* C, int N) {\n",
        "\n",
        "    int id = blockDim.x * blockIdx.x + threadIdx.x;\n",
        "\n",
        "    C[id] = A[id] + B[id];\n",
        "}\n",
        "\n",
        "void add_serial(int* A, int* B, int* C, int N) {\n",
        "\n",
        "    for (int i = 0; i < N; i++)\n",
        "        C[i] = A[i] + B[i];\n",
        "\n",
        "    return;\n",
        "}\n",
        "\n",
        "void initialize(int* array, int N) {\n",
        "\n",
        "    for (int i = 0; i < N; i++)\n",
        "        array[i] = (1 + rand() % 100);\n",
        "\n",
        "    return;\n",
        "}\n",
        "\n",
        "void print(int* array, int N) {\n",
        "\n",
        "    for (int i = 0; i < N; i++)\n",
        "        cout << array[i] << \"  \";\n",
        "\n",
        "    cout << endl;\n",
        "}\n",
        "\n",
        "\n",
        "int main(void) {\n",
        "\n",
        "    int N = 20;\n",
        "\n",
        "    int size_in_bytes = N * sizeof(int);\n",
        "\n",
        "    int* A = (int*) malloc (size_in_bytes);\n",
        "    int* B = (int*) malloc (size_in_bytes);\n",
        "    int* C = (int*) malloc (size_in_bytes);\n",
        "\n",
        "    initialize(A, N);\n",
        "    initialize(B, N);\n",
        "\n",
        "    int *X, *Y, *Z;\n",
        "\n",
        "    cudaMalloc(&X, size_in_bytes);\n",
        "    cudaMalloc(&Y, size_in_bytes);\n",
        "    cudaMalloc(&Z, size_in_bytes);\n",
        "\n",
        "    cudaMemcpy(X, A, size_in_bytes, cudaMemcpyHostToDevice);\n",
        "    cudaMemcpy(Y, B, size_in_bytes, cudaMemcpyHostToDevice);\n",
        "\n",
        "    int threadsPerBlock = 32;\n",
        "    int blocksPerGrid = (N + threadsPerBlock - 1) / threadsPerBlock;\n",
        "\n",
        "    add_parallel<<<blocksPerGrid, threadsPerBlock>>> (X, Y, Z, N);\n",
        "\n",
        "    cudaMemcpy(C, Z, size_in_bytes, cudaMemcpyDeviceToHost);\n",
        "\n",
        "    // cout << \"Time Taken : \" << (double) (clock() - start_time) / CLOCKS_PER_SEC; << endl;\n",
        "\n",
        "    print(A, N);\n",
        "    print(B, N);\n",
        "    print(C, N);\n",
        "\n",
        "    delete[] A;\n",
        "    delete[] B;\n",
        "    delete[] C;\n",
        "\n",
        "    cudaFree(X);\n",
        "    cudaFree(Y);\n",
        "    cudaFree(Z);\n",
        "\n",
        "    return 0;\n",
        "}\n"
      ],
      "metadata": {
        "colab": {
          "base_uri": "https://localhost:8080/"
        },
        "id": "N-C3z1jtu0Gk",
        "outputId": "3ef67254-b6ec-44c9-dc79-7558f0a9e070"
      },
      "execution_count": 3,
      "outputs": [
        {
          "output_type": "stream",
          "name": "stdout",
          "text": [
            "84  87  78  16  94  36  87  93  50  22  63  28  91  60  64  27  41  27  73  37  \n",
            "12  69  68  30  83  31  63  24  68  36  30  3  23  59  70  68  94  57  12  43  \n",
            "96  156  146  46  177  67  150  117  118  58  93  31  114  119  134  95  135  84  85  80  \n",
            "\n"
          ]
        }
      ]
    },
    {
      "cell_type": "code",
      "source": [
        "%%cu\n",
        "\n",
        "#include <stdio.h>\n",
        "#include <cuda.h>\n",
        "#include <cuda_runtime.h>\n",
        "#include <bits/stdc++.h>\n",
        "\n",
        "#define BLOCK_SIZE 32\n",
        "\n",
        "using namespace std;\n",
        "\n",
        "__global__ void matrix_multiplication(int* device_A, int* device_B, int* device_C, int N) {\n",
        "\n",
        "    int row = blockIdx.y * blockDim.y + threadIdx.y;\n",
        "    int col = blockIdx.x * blockDim.x + threadIdx.x;\n",
        "\n",
        "    if (row < N && col < N)\n",
        "    {\n",
        "\n",
        "      device_C[row * N + col] = 0;\n",
        "\n",
        "      for (int k = 0; k < N; k++)\n",
        "          device_C[row * N + col] += device_A[row * N + k] * device_B[k * N + col];\n",
        "    }\n",
        "\n",
        "}\n",
        "\n",
        "void print_matrix(int* matrix, int N) {\n",
        "\n",
        "    for (int i = 0; i < N; i++)\n",
        "    {\n",
        "        for (int j = 0; j < N; j++)\n",
        "            cout << matrix[N * i + j] << \"  \";\n",
        "\n",
        "        cout << endl;\n",
        "    }\n",
        "\n",
        "    cout << endl;\n",
        "}\n",
        "\n",
        "void populate_matrix(int* matrix, int N) {\n",
        "\n",
        "    for (int i = 0; i < N; i++)\n",
        "        for (int j = 0; j < N; j++)\n",
        "            matrix[N * i + j] = (1 + rand() % 100);\n",
        "\n",
        "    cout << endl;\n",
        "}\n",
        "\n",
        "int main(void) {\n",
        "\n",
        "    int N = 32;\n",
        "    int size_in_bytes = N * N * sizeof(int);\n",
        "\n",
        "    int* host_A = (int*) malloc(size_in_bytes);\n",
        "    int* host_B = (int*) malloc(size_in_bytes);\n",
        "    int* host_C = (int*) malloc(size_in_bytes);\n",
        "\n",
        "    populate_matrix(host_A, N);\n",
        "    populate_matrix(host_B, N);\n",
        "\n",
        "    cout << \"Matrix A \" << endl;\n",
        "    print_matrix(host_A, N);\n",
        "\n",
        "    cout << \"Matrix B \" << endl;\n",
        "    print_matrix(host_B, N);\n",
        "\n",
        "    int *device_A, *device_B, *device_C;\n",
        "\n",
        "    cudaMalloc(&device_A, size_in_bytes);\n",
        "    cudaMalloc(&device_B, size_in_bytes);\n",
        "    cudaMalloc(&device_C, size_in_bytes);\n",
        "\n",
        "    cudaMemcpy(device_A, host_A, size_in_bytes, cudaMemcpyHostToDevice);\n",
        "    cudaMemcpy(device_B, host_B, size_in_bytes, cudaMemcpyHostToDevice);\n",
        "\n",
        "    int block_size = BLOCK_SIZE;\n",
        "    int grid_size = (N * BLOCK_SIZE - 1) / BLOCK_SIZE;\n",
        "\n",
        "    dim3 blocks(block_size, block_size);\n",
        "    dim3 grids (grid_size, grid_size);\n",
        "\n",
        "    matrix_multiplication<<<grids, blocks>>>(device_A, device_B, device_C, N);\n",
        "\n",
        "    cudaMemcpy(host_C, device_C, size_in_bytes, cudaMemcpyDeviceToHost);\n",
        "\n",
        "    cout << \"Matrix C \" << endl;\n",
        "    print_matrix(host_C, N);\n",
        "\n",
        "    free(host_A);\n",
        "    free(host_B);\n",
        "    free(host_C);\n",
        "\n",
        "    cudaFree(device_A);\n",
        "    cudaFree(device_B);\n",
        "    cudaFree(device_C);\n",
        "\n",
        "    return 0;\n",
        "}\n"
      ],
      "metadata": {
        "colab": {
          "base_uri": "https://localhost:8080/"
        },
        "id": "XALpg6xFygG-",
        "outputId": "b44f284b-4bf0-4651-a607-226878b5700e"
      },
      "execution_count": null,
      "outputs": [
        {
          "output_type": "stream",
          "name": "stdout",
          "text": [
            "\n",
            "\n",
            "Matrix A \n",
            "84  87  78  16  94  36  87  93  50  22  63  28  91  60  64  27  41  27  73  37  12  69  68  30  83  31  63  24  68  36  30  3  \n",
            "23  59  70  68  94  57  12  43  30  74  22  20  85  38  99  25  16  71  14  27  92  81  57  74  63  71  97  82  6  26  85  28  \n",
            "37  6  47  30  14  58  25  96  83  46  15  68  35  65  44  51  88  9  77  79  89  85  4  52  55  100  33  61  77  69  40  13  \n",
            "27  87  95  40  96  71  35  79  68  2  98  3  18  93  53  57  2  81  87  42  66  90  45  20  41  30  32  18  98  72  82  76  \n",
            "10  28  68  57  98  54  87  66  7  84  20  25  29  72  33  30  4  20  71  69  9  16  41  50  97  24  19  46  47  52  22  56  \n",
            "80  89  65  29  42  51  94  1  35  65  25  15  88  57  44  92  28  66  60  37  33  52  38  29  76  8  75  22  59  96  30  38  \n",
            "36  94  19  29  44  12  29  30  77  5  44  64  14  39  7  41  5  19  29  89  70  18  18  97  25  44  71  84  91  100  73  26  \n",
            "45  91  6  40  55  87  70  83  43  65  98  8  56  5  49  12  23  29  100  44  47  69  41  23  12  11  6  2  62  31  79  6  \n",
            "21  37  45  27  23  66  9  17  83  59  25  38  63  25  1  37  53  100  80  51  69  72  74  32  82  31  34  95  61  64  100  82  \n",
            "100  97  60  74  14  69  91  96  27  67  85  41  91  85  77  43  37  8  46  57  80  19  88  13  49  73  60  10  37  11  43  88  \n",
            "7  2  14  73  22  56  20  100  22  5  40  12  41  68  6  29  28  51  85  59  21  25  23  70  97  82  31  85  93  73  73  51  \n",
            "26  86  23  100  41  43  99  14  99  91  25  91  10  82  20  37  33  56  95  5  80  70  74  77  51  56  61  43  80  85  94  6  \n",
            "22  68  5  14  62  55  27  60  45  3  3  7  85  22  43  69  29  90  73  9  59  99  37  9  54  49  4  34  34  49  91  55  \n",
            "68  47  69  30  1  47  89  98  50  91  4  34  64  98  54  93  87  26  53  97  76  89  58  30  37  61  15  22  61  5  29  28  \n",
            "51  49  57  3  95  98  100  44  40  3  29  4  1  82  48  39  60  52  36  35  40  93  16  28  5  30  50  65  86  30  44  36  \n",
            "78  1  39  72  50  90  68  89  93  96  44  45  30  91  83  41  42  70  27  33  62  43  61  18  24  62  82  10  91  26  97  68  \n",
            "78  35  91  27  25  58  15  69  6  59  13  87  1  47  27  95  17  53  79  30  47  91  48  71  52  81  32  94  58  28  13  87  \n",
            "15  56  13  91  13  80  11  70  90  75  56  42  21  34  88  89  39  67  71  85  57  18  7  61  50  38  6  60  18  19  46  84  \n",
            "74  59  74  38  90  84  8  79  58  15  72  30  1  60  19  39  26  89  75  34  58  82  94  59  71  100  18  40  70  64  23  95  \n",
            "74  48  32  63  83  91  93  92  58  16  22  58  75  92  48  52  32  22  38  41  55  31  99  26  82  17  17  3  32  40  97  5  \n",
            "39  81  19  22  71  63  13  80  78  86  37  5  77  84  8  60  58  45  100  12  28  51  37  61  19  6  64  50  45  12  6  35  \n",
            "92  76  56  15  90  69  94  19  6  83  23  83  18  31  94  75  27  94  87  54  44  75  15  14  80  78  63  76  89  20  11  33  \n",
            "95  18  47  36  38  92  54  44  74  29  26  92  11  19  18  37  64  56  91  59  31  5  72  62  34  86  90  74  5  52  6  51  \n",
            "69  4  86  7  96  40  50  21  68  27  64  78  97  82  66  61  37  56  71  19  12  43  33  97  80  22  71  85  73  28  35  41  \n",
            "84  73  99  31  64  48  51  31  74  15  60  23  48  25  83  36  33  5  55  44  99  87  41  79  60  63  63  84  42  49  24  25  \n",
            "73  23  55  36  22  58  66  48  72  77  70  19  2  4  54  34  8  60  29  7  98  21  85  9  35  99  92  77  99  16  53  72  \n",
            "90  60  7  11  17  25  10  40  1  79  10  54  82  15  39  90  27  68  48  24  88  32  33  23  82  76  51  80  91  55  51  32  \n",
            "14  58  95  82  82  4  21  34  83  82  88  16  97  26  5  23  93  52  98  33  35  82  7  16  58  9  96  100  63  98  84  77  \n",
            "55  78  10  88  33  83  22  67  64  61  83  12  86  87  86  31  91  84  15  77  17  21  93  26  29  40  26  91  37  61  19  44  \n",
            "38  29  83  22  11  56  89  26  16  71  38  54  9  23  84  51  58  98  28  27  70  72  52  50  11  29  40  99  89  11  94  78  \n",
            "91  77  100  53  32  88  78  100  58  67  53  18  42  36  69  99  85  96  77  6  67  29  55  29  9  94  79  98  56  73  75  46  \n",
            "1  26  98  84  13  28  83  22  94  35  40  35  22  60  86  58  55  62  63  73  42  17  53  51  63  83  100  18  55  74  16  7  \n",
            "\n",
            "Matrix B \n",
            "52  65  91  64  92  73  38  38  60  29  72  81  88  57  91  42  71  53  66  12  70  18  62  84  52  13  1  7  39  68  65  90  \n",
            "33  55  5  76  80  42  13  39  70  37  71  57  45  61  50  15  66  15  27  87  84  40  70  36  53  22  94  91  90  10  32  74  \n",
            "65  36  49  96  78  14  34  99  50  56  56  94  69  57  61  34  24  87  72  59  78  41  46  82  62  91  24  51  1  55  76  65  \n",
            "43  25  60  20  90  45  70  39  52  77  84  20  34  44  5  57  82  76  67  12  68  13  93  30  3  69  32  3  75  8  19  17  \n",
            "84  78  88  73  74  58  63  26  34  98  97  19  42  54  27  75  81  94  86  49  6  31  30  60  99  61  63  25  20  81  42  3  \n",
            "11  81  27  84  90  41  9  24  39  58  94  32  11  21  6  91  14  92  39  71  22  68  30  72  81  44  96  100  25  89  55  87  \n",
            "70  33  70  11  74  31  34  64  88  80  95  50  100  52  40  65  43  31  87  16  50  16  87  82  12  35  34  88  23  88  74  44  \n",
            "20  43  55  45  25  40  60  64  19  54  13  70  6  5  34  100  35  20  16  36  88  54  70  51  88  3  38  63  90  11  6  61  \n",
            "5  12  58  30  4  17  93  22  23  6  44  80  62  29  79  48  1  46  83  88  100  52  90  87  54  27  49  95  37  7  8  93  \n",
            "18  65  22  21  81  67  95  55  24  38  34  85  18  13  32  18  10  66  57  9  70  46  96  23  72  96  70  60  2  77  53  72  \n",
            "41  26  44  73  92  90  28  67  79  13  51  97  25  34  14  87  100  71  95  69  16  42  43  40  38  64  99  91  40  3  14  32  \n",
            "29  58  5  72  47  84  39  26  96  41  22  73  27  35  59  26  57  53  46  73  47  40  12  84  4  62  26  43  17  40  75  45  \n",
            "97  31  68  95  14  58  20  61  51  93  33  77  80  91  54  36  96  99  8  42  38  71  77  41  85  2  84  1  93  10  97  41  \n",
            "40  64  36  5  74  7  65  24  52  50  52  31  40  5  66  87  3  26  80  92  48  8  85  32  62  20  32  54  29  28  95  20  \n",
            "44  82  24  69  88  40  44  39  89  95  21  81  99  87  19  53  64  99  96  11  6  80  43  67  99  26  73  79  54  67  98  49  \n",
            "48  73  17  87  13  60  78  1  54  98  33  4  36  52  8  99  50  55  62  7  35  4  26  85  29  98  64  34  16  61  82  15  \n",
            "86  98  1  98  9  30  50  14  80  35  17  15  86  76  66  87  31  27  93  17  30  70  53  10  67  16  96  34  29  77  48  14  \n",
            "27  1  63  87  30  64  1  9  98  17  76  83  45  41  21  27  19  66  95  100  35  47  9  54  63  4  87  43  33  35  8  11  \n",
            "35  70  97  16  85  97  25  83  66  52  17  62  44  38  88  62  3  82  61  89  80  21  42  94  25  29  36  9  63  43  71  97  \n",
            "64  67  12  1  16  88  35  33  91  51  94  34  40  81  95  94  14  55  83  45  76  24  39  52  52  74  12  66  69  82  14  84  \n",
            "100  78  36  15  65  70  47  8  73  92  41  12  24  88  58  37  94  40  82  21  15  72  72  19  97  35  84  65  68  98  1  68  \n",
            "75  36  34  91  58  33  50  30  24  91  93  48  30  50  36  23  41  69  44  56  40  67  26  37  54  61  53  21  58  5  88  84  \n",
            "41  22  27  98  6  28  79  29  70  71  28  99  21  64  22  61  84  17  68  24  83  93  12  36  54  64  9  63  69  96  99  61  \n",
            "69  77  10  74  4  88  55  74  58  82  24  30  97  45  43  81  13  10  56  48  55  67  35  60  82  43  74  2  39  72  14  59  \n",
            "100  23  85  56  62  91  81  72  24  4  1  21  1  43  53  13  5  8  60  59  26  95  18  59  37  91  61  27  15  74  38  66  \n",
            "49  22  21  10  64  1  33  87  5  34  59  57  28  11  69  32  70  29  42  47  75  59  6  11  2  66  90  68  91  27  33  39  \n",
            "100  6  1  63  58  33  49  62  18  8  70  98  70  39  29  40  19  71  86  93  81  43  55  34  8  44  1  51  22  86  89  21  \n",
            "91  41  35  48  26  84  62  95  43  31  92  64  21  21  55  39  43  93  31  23  35  86  9  95  81  9  45  3  46  85  23  88  \n",
            "26  58  36  3  93  49  97  87  31  41  50  52  13  57  90  55  49  73  29  83  58  89  77  38  98  21  40  95  6  15  83  83  \n",
            "24  70  37  16  18  85  54  100  25  55  51  37  11  93  43  59  65  24  42  22  12  70  11  61  91  3  56  48  17  90  82  40  \n",
            "59  18  7  76  2  12  75  79  66  78  67  77  70  62  35  34  37  28  7  100  98  17  61  40  71  68  87  87  9  68  78  67  \n",
            "37  36  94  38  47  20  68  13  97  35  41  18  96  75  51  32  3  9  31  52  26  43  91  48  62  77  35  70  96  64  36  32  \n",
            "\n",
            "Matrix C \n",
            "91846  79668  77011  95279  93829  84614  82665  87771  86878  89924  87948  99577  79312  82859  81456  90660  76717  91133  99606  87601  89662  83800  84116  92602  97733  69056  86736  85177  72562  83788  97462  93139  \n",
            "101126  78199  66033  100576  88514  83818  86557  84725  87296  98656  94911  97733  80002  85217  70534  81990  79037  97638  100069  85570  85813  90988  80602  85183  105048  79466  100034  81899  76627  96257  89932  89570  \n",
            "86499  86874  62361  76979  81447  84682  88137  84520  80949  87108  81582  84391  68457  77467  88260  92185  65233  85118  94663  81794  87649  86463  79317  86862  96664  70340  90501  83759  71613  85935  84348  97388  \n",
            "87061  85004  81821  95204  101950  86820  91152  88409  97401  98062  101009  98420  77330  89078  82684  99793  77382  96886  106449  105726  91848  85467  90608  97156  111309  79968  100941  103634  77650  86519  95426  98267  \n",
            "74046  71279  67595  65785  80234  76125  76721  75863  73674  77905  75460  71405  59943  65320  65225  78989  52941  74270  83414  68442  71152  67217  71513  79247  82500  70829  70857  70011  56445  82258  75386  75765  \n",
            "87156  78907  71302  88272  88403  85717  80299  80191  87701  87164  88324  88587  78649  86438  75529  82288  69049  87003  96934  80974  81008  76893  82331  90476  92228  70835  86303  80892  62872  90789  98314  86447  \n",
            "76113  70588  50008  66631  67049  80713  77307  78356  76448  73008  81197  76713  63304  73777  75568  77242  63601  69280  80554  80320  79578  71613  69061  78947  85142  59624  76264  77576  60552  78531  69112  83513  \n",
            "65569  70159  60818  74450  81382  74846  66428  70345  77241  79518  77408  82104  60827  69006  62413  78588  66483  78437  78539  74400  75647  67083  75873  73576  85413  58042  84802  81359  64749  67110  72297  85164  \n",
            "87246  73698  70458  90750  74778  87022  88043  81446  90150  82134  87255  91454  70346  83725  80701  79548  63345  86043  91292  92055  86928  89336  77018  88877  99813  74564  93994  83571  70144  91938  84785  97090  \n",
            "94394  87533  78661  94912  106449  86732  90290  86496  104777  98278  94138  105556  88815  90900  85505  98917  87389  92314  107338  87080  99762  86405  103693  92163  100435  83447  96560  102692  91673  95124  100155  99446  \n",
            "76085  67155  64588  65997  71322  78789  79126  84874  71757  73267  74707  73498  56406  65475  71976  83556  55991  72138  76693  80039  77396  76615  67828  77004  85202  61726  80189  70667  66420  74441  70790  80951  \n",
            "91152  86852  71620  88395  98425  93652  101500  93443  97564  98802  99306  101861  80278  86241  86890  92274  78149  91361  109561  100281  103997  88768  95450  97418  98612  82771  100634  97633  72353  97762  100984  103447  \n",
            "72429  63363  62302  80095  64233  66720  66645  62170  73142  80422  73117  70742  60818  71680  61074  68205  60978  71615  71474  74434  67308  70067  63174  72495  85187  55529  85395  68705  66294  67825  74238  74812  \n",
            "89273  89421  66671  86186  88051  80784  89771  76937  93415  97322  86835  90522  79726  82860  87024  96648  68804  86492  101969  77653  94977  81319  92837  87950  98319  77838  89437  89887  76994  89844  95382  97983  \n",
            "77357  75089  60642  77663  82810  65909  71203  68447  77674  81094  90907  75085  69923  69244  68355  83822  58435  81545  89116  77993  70072  69908  71883  80408  90255  58041  79132  81222  55914  80563  81283  79241  \n",
            "86426  84762  75562  91151  100193  80989  100707  83571  96569  95707  98035  105836  85586  83945  82406  99387  74840  97597  110426  94708  99485  86734  101463  93091  106601  82042  96163  105951  73902  96942  100201  97212  \n",
            "82387  80973  67646  87666  87164  85379  83437  80379  85445  84882  83093  86392  68533  72132  78516  82587  62992  84684  89480  79256  84134  80635  70307  92496  89305  79276  80995  74062  69902  87596  86248  92925  \n",
            "72685  79259  63840  78640  79349  84866  81874  68329  90888  82014  78950  79780  70583  74054  69710  88186  59702  83412  93655  77412  80563  74540  81176  86567  90339  74645  92674  83653  74296  80611  68041  87215  \n",
            "87433  84920  83239  96980  97829  90161  90791  86629  93818  90745  96339  96417  73549  83881  85278  96618  76993  89567  105668  97016  91473  93077  79752  95710  105702  82113  97943  93716  82848  92506  87843  99072  \n",
            "84953  79882  71868  90107  83630  78872  85598  74888  89211  96227  86078  87705  73507  80631  73152  93614  75461  81561  94711  81811  87069  77041  84208  89321  95575  71453  86459  87023  69202  89923  93726  88488  \n",
            "72783  74196  63044  79929  75551  75088  75515  66736  72559  75274  73742  80121  65510  63763  68662  82193  55384  79985  84141  79076  79010  69992  79223  77417  88698  57749  81392  69476  65102  70855  75764  80271  \n",
            "95121  90669  77275  93864  109590  97214  85667  86809  98465  93036  100886  98825  80415  85074  85959  87779  75324  104327  109917  89609  86552  87292  80408  102166  98202  82176  95544  90262  69910  100443  99993  99194  \n",
            "79671  76095  65546  83158  78746  83812  74948  76346  85931  73374  83640  89562  73964  71564  78032  86239  61766  81998  97425  78711  85740  76748  68325  91885  79420  68335  76395  76009  67748  94002  79085  87339  \n",
            "97199  83275  77535  99656  89173  93053  89074  89045  92762  90390  87398  98586  86560  82770  83826  92270  70411  99731  104625  92672  83377  86860  80326  102054  101515  74993  89893  77689  63931  92188  99283  90782  \n",
            "98353  84651  70967  93357  93561  88601  84275  88408  88494  93154  92847  94700  82312  87707  83680  87370  79132  93953  103564  82214  85809  89822  80662  94769  101036  74650  92088  84060  75414  93551  88505  100155  \n",
            "79832  66971  66022  77544  89806  74237  85553  80464  81606  75194  85860  96762  69464  73035  72881  77021  71505  84464  94733  78460  85631  83647  80279  81615  88567  73106  82966  93169  67078  88925  79666  89964  \n",
            "82481  73424  60377  78328  77243  84592  78052  75767  77285  77110  73567  81848  61499  75726  73979  69674  70179  78866  79271  71034  74843  79984  68869  77772  88459  63845  84910  70465  64338  82974  81819  84263  \n",
            "101882  81058  80519  97975  91535  95074  96776  99001  92532  89469  98182  102945  83622  92816  86746  89395  76007  103849  104112  97742  94176  90046  94955  94538  106485  80208  100542  84775  74434  91129  95065  95986  \n",
            "84041  83582  68105  94146  85933  87019  85529  77875  97030  87001  92913  97096  76833  84292  75877  98167  78978  93127  103921  81392  85688  89547  86150  86618  104886  66628  98378  89638  82682  88157  86455  89196  \n",
            "84847  76560  60679  90348  84365  77851  82636  78595  96748  87882  89406  93020  80268  80845  72221  80197  65845  88437  95040  80138  80711  82696  78687  87231  97115  73535  89501  88615  62170  93221  88182  89532  \n",
            "102432  97599  82310  112287  106961  97640  99837  103479  108498  106009  109889  118178  95825  96806  91838  109738  89527  110461  119195  98804  109091  98982  99848  111089  117542  84014  114764  107718  86819  111373  107761  109490  \n",
            "84261  73628  62141  78060  84566  78342  83624  83867  86164  82006  83318  91388  77203  79903  76616  88386  64717  85944  108285  82577  88130  79449  78962  86668  82734  75313  83036  87248  64792  87669  87821  82705  \n",
            "\n",
            "\n"
          ]
        }
      ]
    },
    {
      "cell_type": "code",
      "source": [
        "%%cu\n",
        "\n",
        "#include <stdio.h>\n",
        "#include <cuda.h>\n",
        "#include <cuda_runtime.h>\n",
        "#include <ctime>\n",
        "#include <bits/stdc++.h>\n",
        "\n",
        "#define BLOCK_SIZE 32\n",
        "\n",
        "using namespace std;\n",
        "\n",
        "__global__ void parallel_matrix_multiplication(int* device_A, int* device_B, int* device_C, int N) {\n",
        "\n",
        "    int row = blockIdx.y * blockDim.y + threadIdx.y;\n",
        "    int col = blockIdx.x * blockDim.x + threadIdx.x;\n",
        "\n",
        "    if (row < N && col < N)\n",
        "    {\n",
        "\n",
        "      device_C[row * N + col] = 0;\n",
        "\n",
        "      for (int k = 0; k < N; k++)\n",
        "          device_C[row * N + col] += device_A[row * N + k] * device_B[k * N + col];\n",
        "    }\n",
        "\n",
        "}\n",
        "\n",
        "void serial_matrix_multiplication(int* host_A, int* host_B, int* host_result_matrix, int N) {\n",
        "\n",
        "    for (int i = 0; i < N; i++)\n",
        "    {\n",
        "        for (int j = 0; j < N; j++)\n",
        "        {\n",
        "            host_result_matrix[N * i + j] = 0;\n",
        "\n",
        "            for (int k = 0; k < N; k++)\n",
        "            {\n",
        "                host_result_matrix[N * i + j]  += host_A[i * N + k] * host_B[k * N + j];\n",
        "            }\n",
        "        }\n",
        "    }\n",
        "\n",
        "    return;\n",
        "}\n",
        "\n",
        "void print_matrix(int* matrix, int N) {\n",
        "\n",
        "    for (int i = 0; i < N; i++)\n",
        "    {\n",
        "        for (int j = 0; j < N; j++)\n",
        "            cout << matrix[N * i + j] << \"  \";\n",
        "\n",
        "        cout << endl;\n",
        "    }\n",
        "\n",
        "    cout << endl;\n",
        "}\n",
        "\n",
        "void populate_matrix(int* matrix, int N) {\n",
        "\n",
        "    for (int i = 0; i < N; i++)\n",
        "        for (int j = 0; j < N; j++)\n",
        "            matrix[N * i + j] = (1 + rand() % 100);\n",
        "\n",
        "    cout << endl;\n",
        "}\n",
        "\n",
        "int main(void) {\n",
        "\n",
        "    int N = 16;\n",
        "    int size_in_bytes = N * N * sizeof(int);\n",
        "\n",
        "    int* host_A = (int*) malloc(size_in_bytes);\n",
        "    int* host_B = (int*) malloc(size_in_bytes);\n",
        "    int* host_C = (int*) malloc(size_in_bytes);\n",
        "    int* host_result_matrix = (int*) malloc (size_in_bytes);\n",
        "\n",
        "\n",
        "    populate_matrix(host_A, N);\n",
        "    populate_matrix(host_B, N);\n",
        "\n",
        "    cout << \"Matrix A \" << endl;\n",
        "    print_matrix(host_A, N);\n",
        "\n",
        "    cout << \"Matrix B \" << endl;\n",
        "    print_matrix(host_B, N);\n",
        "\n",
        "    clock_t serial_start_time = clock();\n",
        "    serial_matrix_multiplication(host_A, host_B, host_result_matrix, N);\n",
        "    clock_t serial_end_time = clock();\n",
        "    double serial_time = double(serial_end_time - serial_start_time) / CLOCKS_PER_SEC;\n",
        "    cout << \"Serial Matrix Multiplication Time: \" << serial_time << \" seconds\" << endl;\n",
        "\n",
        "    cout << \"Serial Matrix Multiplication : \" << endl;\n",
        "    print_matrix(host_result_matrix, N);\n",
        "\n",
        "    int *device_A, *device_B, *device_C;\n",
        "\n",
        "    cudaMalloc((void**) &device_A, size_in_bytes);\n",
        "    cudaMalloc((void**) &device_B, size_in_bytes);\n",
        "    cudaMalloc((void**) &device_C, size_in_bytes);\n",
        "\n",
        "    cudaMemcpy(device_A, host_A, size_in_bytes, cudaMemcpyHostToDevice);\n",
        "    cudaMemcpy(device_B, host_B, size_in_bytes, cudaMemcpyHostToDevice);\n",
        "\n",
        "    int block_size = BLOCK_SIZE;\n",
        "    int grid_size = (N * BLOCK_SIZE - 1) / BLOCK_SIZE;\n",
        "\n",
        "    dim3 blocks(block_size, block_size);\n",
        "    dim3 grids (grid_size, grid_size);\n",
        "\n",
        "    cudaEvent_t start, stop;\n",
        "    cudaEventCreate(&start);\n",
        "    cudaEventCreate(&stop);\n",
        "    cudaEventRecord(start);\n",
        "    parallel_matrix_multiplication<<<grids, blocks>>>(device_A, device_B, device_C, N);\n",
        "    cudaEventRecord(stop);\n",
        "    cudaEventSynchronize(stop);\n",
        "    float parallel_time;\n",
        "    cudaEventElapsedTime(&parallel_time, start, stop);\n",
        "    cout << \"Parallel Matrix Multiplication Time: \" << parallel_time / 1000 << \" seconds\" << endl;\n",
        "\n",
        "    cudaMemcpy(host_C, device_C, size_in_bytes, cudaMemcpyDeviceToHost);\n",
        "\n",
        "    cout << \"Matrix C \" << endl;\n",
        "    print_matrix(host_C, N);\n",
        "\n",
        "    free(host_A);\n",
        "    free(host_B);\n",
        "    free(host_C);\n",
        "\n",
        "    cudaFree(device_A);\n",
        "    cudaFree(device_B);\n",
        "    cudaFree(device_C);\n",
        "\n",
        "    return 0;\n",
        "}\n"
      ],
      "metadata": {
        "id": "seLgltsFSaBL",
        "outputId": "7ac955dc-bed0-4505-bcf3-4d7eb59ee268",
        "colab": {
          "base_uri": "https://localhost:8080/"
        }
      },
      "execution_count": 8,
      "outputs": [
        {
          "output_type": "stream",
          "name": "stdout",
          "text": [
            "\n",
            "\n",
            "Matrix A \n",
            "84  87  78  16  94  36  87  93  50  22  63  28  91  60  64  27  \n",
            "41  27  73  37  12  69  68  30  83  31  63  24  68  36  30  3  \n",
            "23  59  70  68  94  57  12  43  30  74  22  20  85  38  99  25  \n",
            "16  71  14  27  92  81  57  74  63  71  97  82  6  26  85  28  \n",
            "37  6  47  30  14  58  25  96  83  46  15  68  35  65  44  51  \n",
            "88  9  77  79  89  85  4  52  55  100  33  61  77  69  40  13  \n",
            "27  87  95  40  96  71  35  79  68  2  98  3  18  93  53  57  \n",
            "2  81  87  42  66  90  45  20  41  30  32  18  98  72  82  76  \n",
            "10  28  68  57  98  54  87  66  7  84  20  25  29  72  33  30  \n",
            "4  20  71  69  9  16  41  50  97  24  19  46  47  52  22  56  \n",
            "80  89  65  29  42  51  94  1  35  65  25  15  88  57  44  92  \n",
            "28  66  60  37  33  52  38  29  76  8  75  22  59  96  30  38  \n",
            "36  94  19  29  44  12  29  30  77  5  44  64  14  39  7  41  \n",
            "5  19  29  89  70  18  18  97  25  44  71  84  91  100  73  26  \n",
            "45  91  6  40  55  87  70  83  43  65  98  8  56  5  49  12  \n",
            "23  29  100  44  47  69  41  23  12  11  6  2  62  31  79  6  \n",
            "\n",
            "Matrix B \n",
            "21  37  45  27  23  66  9  17  83  59  25  38  63  25  1  37  \n",
            "53  100  80  51  69  72  74  32  82  31  34  95  61  64  100  82  \n",
            "100  97  60  74  14  69  91  96  27  67  85  41  91  85  77  43  \n",
            "37  8  46  57  80  19  88  13  49  73  60  10  37  11  43  88  \n",
            "7  2  14  73  22  56  20  100  22  5  40  12  41  68  6  29  \n",
            "28  51  85  59  21  25  23  70  97  82  31  85  93  73  73  51  \n",
            "26  86  23  100  41  43  99  14  99  91  25  91  10  82  20  37  \n",
            "33  56  95  5  80  70  74  77  51  56  61  43  80  85  94  6  \n",
            "22  68  5  14  62  55  27  60  45  3  3  7  85  22  43  69  \n",
            "29  90  73  9  59  99  37  9  54  49  4  34  34  49  91  55  \n",
            "68  47  69  30  1  47  89  98  50  91  4  34  64  98  54  93  \n",
            "87  26  53  97  76  89  58  30  37  61  15  22  61  5  29  28  \n",
            "51  49  57  3  95  98  100  44  40  3  29  4  1  82  48  39  \n",
            "60  52  36  35  40  93  16  28  5  30  50  65  86  30  44  36  \n",
            "78  1  39  72  50  90  68  89  93  96  44  45  30  91  83  41  \n",
            "42  70  27  33  62  43  61  18  24  62  82  10  91  26  97  68  \n",
            "\n",
            "Serial Matrix Multiplication Time: 4.1e-05 seconds\n",
            "Serial Matrix Multiplication : \n",
            "44589  52818  49627  44916  46646  65709  59357  54285  54076  49154  36951  42189  54167  62813  52457  44815  \n",
            "32926  40128  35254  31274  32137  43383  43031  37219  39829  37749  22840  29270  40173  42447  37359  36034  \n",
            "38540  38864  42484  37550  42080  55742  48519  46039  43530  40871  32606  30372  42941  50552  49430  40206  \n",
            "40181  43683  46882  44550  41625  56666  50091  51051  51649  50678  27355  38331  51726  54080  51905  44872  \n",
            "33800  38246  37006  29770  38884  48220  38752  36023  36133  37642  27659  26710  47295  37070  43064  31920  \n",
            "41165  44214  48306  39740  44970  62218  47373  47491  46482  45824  33379  32011  54079  49206  48350  43716  \n",
            "43840  49730  46791  42775  38786  55992  52885  56957  46054  48355  38670  40369  61438  57838  55016  48011  \n",
            "43821  48069  44216  42521  43714  57325  54223  47994  46333  45090  37417  37468  50981  54771  55146  45345  \n",
            "32999  41274  38839  39201  36266  49314  44718  38870  39213  41463  31362  33635  42022  46475  42930  34596  \n",
            "31733  36541  29300  28265  36263  40609  40666  30633  29472  31825  26562  21273  40111  31840  37697  33290  \n",
            "39033  52777  41842  40385  42854  57174  51927  36613  49337  45335  33535  38478  47324  49714  49694  45187  \n",
            "36710  41920  36673  32564  34926  47754  43709  39814  37138  37010  27752  31729  47055  43012  42235  40319  \n",
            "26820  32690  27527  27710  30468  37003  32701  27743  29856  26761  19551  23773  37158  28238  31630  32047  \n",
            "43357  36381  44742  37691  47876  59774  53440  45758  38844  43929  33079  28595  46426  48445  47875  40028  \n",
            "32901  44363  46918  34313  39066  49768  49874  43924  51882  45711  24754  37888  43771  54073  48637  43094  \n",
            "30335  29519  30306  31523  26457  37608  37428  35568  33736  33395  26598  25902  32084  39725  34194  27166  \n",
            "\n",
            "Parallel Matrix Multiplication Time: 0.000215648 seconds\n",
            "Matrix C \n",
            "44589  52818  49627  44916  46646  65709  59357  54285  54076  49154  36951  42189  54167  62813  52457  44815  \n",
            "32926  40128  35254  31274  32137  43383  43031  37219  39829  37749  22840  29270  40173  42447  37359  36034  \n",
            "38540  38864  42484  37550  42080  55742  48519  46039  43530  40871  32606  30372  42941  50552  49430  40206  \n",
            "40181  43683  46882  44550  41625  56666  50091  51051  51649  50678  27355  38331  51726  54080  51905  44872  \n",
            "33800  38246  37006  29770  38884  48220  38752  36023  36133  37642  27659  26710  47295  37070  43064  31920  \n",
            "41165  44214  48306  39740  44970  62218  47373  47491  46482  45824  33379  32011  54079  49206  48350  43716  \n",
            "43840  49730  46791  42775  38786  55992  52885  56957  46054  48355  38670  40369  61438  57838  55016  48011  \n",
            "43821  48069  44216  42521  43714  57325  54223  47994  46333  45090  37417  37468  50981  54771  55146  45345  \n",
            "32999  41274  38839  39201  36266  49314  44718  38870  39213  41463  31362  33635  42022  46475  42930  34596  \n",
            "31733  36541  29300  28265  36263  40609  40666  30633  29472  31825  26562  21273  40111  31840  37697  33290  \n",
            "39033  52777  41842  40385  42854  57174  51927  36613  49337  45335  33535  38478  47324  49714  49694  45187  \n",
            "36710  41920  36673  32564  34926  47754  43709  39814  37138  37010  27752  31729  47055  43012  42235  40319  \n",
            "26820  32690  27527  27710  30468  37003  32701  27743  29856  26761  19551  23773  37158  28238  31630  32047  \n",
            "43357  36381  44742  37691  47876  59774  53440  45758  38844  43929  33079  28595  46426  48445  47875  40028  \n",
            "32901  44363  46918  34313  39066  49768  49874  43924  51882  45711  24754  37888  43771  54073  48637  43094  \n",
